1
600 10000
390 310
270 595
561 528
528 488
439 36
184 197
458 562
562 70
217 252
30 13
189 249
203 51
151 61
331 551
598 244
433 523
248 91
361 212
385 143
85 488
574 468
410 514
143 121
379 300
513 393
4 278
472 363
354 224
447 389
435 371
112 409
297 145
25 308
266 334
462 530
418 478
116 335
159 533
378 554
501 475
404 353
593 512
542 514
430 384
426 114
145 474
323 476
500 421
586 28
157 419
409 501
570 215
180 309
82 157
177 374
508 43
416 109
486 32
521 29
593 566
512 69
284 104
277 358
373 242
519 356
300 9
80 586
428 195
197 291
41 298
508 253
90 33
33 501
38 545
543 418
550 407
518 125
121 4
543 510
417 44
17 522
350 402
289 171
378 104
346 490
26 525
64 427
407 477
596 162
129 139
381 53
308 10
307 68
432 231
210 146
375 326
238 544
586 183
218 538
372 141
296 593
40 543
160 80
162 387
214 248
529 523
432 384
467 50
323 66
358 595
256 576
300 296
322 81
511 180
83 453
582 103
10 523
592 594
490 48
348 482
50 474
567 562
366 467
21 308
253 478
80 561
406 342
441 327
285 207
363 276
544 248
263 228
536 363
150 269
544 385
527 600
322 53
148 84
494 346
565 427
453 434
191 300
509 427
81 224
561 580
378 273
507 347
148 17
575 127
120 510
401 368
579 152
91 285
118 268
316 591
585 88
60 503
504 74
325 191
397 84
399 92
149 432
239 71
361 257
121 215
40 387
85 571
368 443
308 438
223 245
436 212
117 189
340 312
33 558
470 268
533 187
226 335
57 513
525 512
355 544
124 293
369 244
291 503
233 51
65 337
411 528
231 343
170 113
591 237
72 156
205 526
413 80
251 90
349 362
490 179
268 442
275 25
260 415
477 598
192 381
511 513
558 189
126 481
477 454
101 129
149 60
581 418
446 158
452 216
314 54
275 64
419 469
461 103
478 69
287 449
450 512
454 480
102 59
156 69
311 577
92 144
69 354
359 123
26 340
431 471
527 522
208 534
247 391
594 5
365 119
421 382
219 376
403 265
193 412
245 157
362 111
404 338
404 496
459 502
200 214
546 153
586 268
344 226
266 96
51 370
169 198
305 200
95 34
289 221
167 122
340 274
345 269
532 199
432 367
436 406
514 303
464 279
77 249
321 231
394 354
92 324
193 298
425 561
347 550
142 250
146 44
156 28
355 394
286 381
399 330
254 183
12 483
531 585
566 87
482 522
320 175
433 401
582 109
504 407
493 317
204 369
243 580
386 378
387 371
484 538
9 328
43 538
565 263
148 450
55 334
517 524
288 1
114 448
563 62
118 523
37 307
251 408
486 299
116 577
600 417
118 249
598 571
53 583
288 589
334 221
315 393
581 364
513 195
141 288
563 200
430 247
71 532
487 453
407 352
201 18
472 331
513 579
249 330
252 169
66 374
396 296
226 349
385 267
339 340
203 435
401 358
269 234
335 366
259 532
311 197
157 542
313 54
540 589
521 253
547 541
211 507
547 139
376 589
212 568
440 404
205 111
34 566
518 94
63 366
303 548
414 413
282 514
68 491
560 239
300 8
287 105
469 278
551 479
148 366
331 122
383 569
572 131
301 126
128 370
180 382
423 112
449 200
115 215
215 31
393 240
356 409
384 236
45 106
272 375
165 373
110 455
298 284
190 193
74 138
389 566
88 276
252 254
91 383
84 497
443 424
238 37
504 3
593 436
140 411
323 179
136 205
411 463
479 361
127 314
260 40
522 338
73 538
227 263
38 323
361 36
240 391
315 173
206 219
8 133
223 176
431 163
440 250
83 6
572 358
323 176
277 301
175 357
320 9
121 302
217 30
401 458
126 333
115 412
563 506
119 536
7 176
244 54
279 182
567 132
339 319
589 196
534 67
108 581
101 94
379 235
311 456
491 377
484 59
283 393
395 71
536 246
119 402
249 280
219 95
234 83
493 115
464 536
534 476
202 161
484 187
542 530
497 241
311 451
230 410
186 91
434 119
18 513
217 373
523 471
507 65
590 169
307 556
61 425
392 459
88 168
32 414
152 599
261 595
495 558
597 496
584 68
90 473
113 152
316 404
353 292
559 595
407 15
527 380
361 310
89 219
532 16
164 579
381 96
171 541
255 549
149 99
128 594
456 460
354 499
229 582
398 29
459 383
153 519
145 56
468 534
107 460
349 12
539 228
292 457
278 100
400 41
359 52
27 446
272 313
166 5
587 192
42 224
520 25
564 410
39 16
584 75
255 173
229 477
194 432
41 154
567 27
350 155
83 16
86 442
188 539
262 376
341 498
29 181
281 560
67 405
225 258
225 173
137 390
319 265
298 124
171 388
144 174
22 133
209 317
485 462
426 340
14 301
524 55
255 202
412 172
283 505
110 296
256 581
466 13
295 152
576 537
515 594
20 69
433 422
350 2
530 58
479 11
323 135
498 572
439 420
23 375
429 82
253 123
492 397
97 177
405 553
122 360
222 84
441 42
573 429
448 465
552 528
75 264
24 425
336 319
216 5
81 78
146 271
166 445
223 444
421 98
130 316
49 430
47 504
140 588
241 437
93 478
318 586
268 290
510 306
541 232
578 438
185 572
30 535
79 552
332 381
555 121
304 154
268 45
96 557
19 54
406 213
285 294
76 480
134 289
388 220
238 35
147 191
355 329
218 46
489 333
460 351
516 199
178 127
538 568
174 12
589 299
169 265
454 498
488 568
208 221
379 26
318 591
127 223
488 443
358 277
435 35
301 224
201 512
238 343
147 551
110 507
58 183
78 160
474 333
89 24
171 393
60 451
369 548
89 197
371 90
295 80
223 143
556 395
374 70
24 558
13 204
31 382
585 597
208 266
570 273
505 58
38 600
222 49
509 357
213 304
353 491
419 326
489 593
388 541
2 117
449 227
322 538
284 48
310 100
267 317
222 138
253 59
485 471
236 153
92 292
28 569
99 491
199 100
516 531
436 254
448 82
272 95
46 567
418 538
268 469
146 208
229 124
20 599
299 7
112 8
197 13
550 516
548 506
201 104
94 479
255 3
307 254
92 462
233 556
84 573
244 217
450 551
159 368
127 339
67 158
588 310
526 370
190 542
424 323
34 282
500 324
295 249
480 485
291 562
379 222
186 343
87 241
234 492
224 254
139 113
520 441
244 564
5 301
25 409
271 258
266 486
350 32
428 198
495 22
285 475
249 408
200 406
267 22
114 143
536 414
331 39
540 191
411 578
291 21
591 212
169 99
25 20
341 188
523 118
154 21
241 378
40 257
81 507
6 126
368 582
497 432
70 154
433 402
291 131
185 465
416 150
555 140
433 206
484 548
383 480
452 416
2 19
45 232
129 532
451 156
108 403
4 146
479 576
37 327
5 278
599 577
12 194
65 528
565 5
453 373
442 201
113 285
121 117
574 270
158 580
477 446
228 363
393 518
340 402
545 598
232 513
201 108
299 262
332 246
364 346
465 2
80 135
585 25
152 27
587 189
128 159
215 227
60 123
575 44
323 599
125 202
12 118
591 526
389 367
525 321
539 570
578 439
402 17
113 361
19 35
600 276
486 76
342 416
58 308
44 452
556 331
510 352
420 139
509 181
121 518
275 452
475 224
421 153
462 472
509 135
124 199
81 561
385 416
99 380
599 216
495 372
425 447
480 448
385 535
300 530
382 309
108 231
252 116
224 188
4 511
243 311
509 347
518 477
320 359
590 487
71 582
529 582
145 10
514 287
314 443
258 402
84 158
513 255
203 255
5 581
324 315
176 386
77 405
298 276
432 36
138 239
508 159
326 217
4 437
101 146
385 214
34 35
67 443
108 1
427 168
418 143
298 432
563 277
317 330
282 505
194 172
188 508
293 378
95 418
259 175
209 320
56 47
359 451
405 2
428 127
111 482
41 218
300 205
477 404
161 129
494 81
194 193
432 108
567 507
320 212
348 453
554 109
366 318
356 346
167 345
535 165
403 474
23 478
319 280
434 24
285 548
203 537
153 411
445 368
86 21
548 84
502 134
251 91
295 87
441 289
28 483
39 488
403 569
332 441
102 573
451 143
210 408
71 165
298 130
23 107
274 319
9 436
557 495
64 465
583 536
131 146
104 260
561 321
11 139
362 354
1 101
407 77
483 376
321 317
278 144
540 322
106 244
131 488
83 193
292 441
404 519
451 224
588 210
195 442
297 346
332 129
103 492
373 376
371 272
414 501
361 587
154 93
24 414
171 387
501 331
592 164
288 369
31 418
444 251
438 282
237 556
329 523
520 343
139 398
536 42
357 208
29 562
449 216
441 512
21 208
240 516
164 83
156 186
186 554
434 555
371 55
94 242
247 152
139 432
347 285
439 92
556 470
572 372
340 149
9 291
382 335
165 92
57 191
226 466
558 309
487 73
500 128
272 33
171 20
466 496
77 458
61 268
220 310
310 490
110 512
559 581
9 173
43 202
548 365
162 39
144 522
376 210
463 313
452 589
64 500
531 359
594 62
442 5
570 184
176 241
223 184
514 406
127 415
79 114
106 337
251 404
471 430
592 492
575 365
30 396
431 78
526 65
148 152
19 249
526 184
83 548
317 402
583 13
358 375
459 392
362 546
457 306
33 82
142 299
175 560
341 140
505 236
250 582
583 524
535 459
182 539
79 575
42 182
551 585
439 117
547 72
87 196
535 430
510 499
301 336
535 297
585 109
240 542
306 129
596 437
85 339
144 560
189 529
279 93
425 27
397 591
374 519
599 315
528 489
493 171
76 232
8 572
26 427
400 263
340 548
599 356
378 439
541 119
141 359
307 549
41 471
181 453
243 198
82 79
262 184
113 515
185 261
476 291
313 84
535 30
345 325
364 478
62 221
448 275
501 266
387 316
169 557
532 535
90 270
443 151
127 183
68 299
84 111
445 159
579 546
260 533
95 480
268 483
80 349
5 168
565 64
410 542
140 289
342 373
357 23
399 213
14 300
363 205
428 536
355 246
290 393
418 585
432 449
47 107
522 28
557 149
399 351
295 176
342 80
83 339
211 157
491 552
294 13
598 193
192 89
368 562
540 65
175 157
332 350
53 16
474 56
527 7
214 44
364 205
444 207
495 579
69 524
482 473
458 446
444 408
254 475
485 496
333 138
468 536
585 485
33 358
386 25
387 270
257 285
287 5
253 292
155 508
330 10
54 377
513 496
580 470
105 525
42 200
401 528
312 588
80 326
274 518
393 544
118 230
504 163
233 342
124 154
424 330
335 503
453 411
597 81
507 119
94 518
235 69
541 357
569 295
474 77
398 332
593 326
19 566
45 476
148 180
474 578
79 152
49 459
574 427
347 440
368 31
17 121
528 215
253 227
382 121
342 250
245 543
387 388
261 428
236 191
294 11
157 399
105 508
116 9
75 345
166 349
207 27
58 445
440 515
342 87
270 272
256 573
256 321
423 13
148 35
326 297
73 59
568 128
369 207
276 153
105 280
335 499
357 463
68 216
413 250
575 212
27 338
230 468
88 352
525 595
27 535
467 493
28 222
197 320
230 499
107 483
446 508
248 258
255 204
542 598
132 86
542 351
455 281
151 492
34 17
240 263
498 387
307 371
144 1
138 598
223 211
497 461
116 227
360 256
165 428
110 71
463 315
429 396
59 149
550 465
386 200
175 140
367 60
166 442
391 178
441 13
276 104
294 546
145 485
498 323
74 165
7 85
565 34
413 485
84 415
21 7
65 568
575 109
592 48
98 313
354 458
551 302
263 353
507 418
297 564
165 529
265 176
202 442
244 434
345 67
199 272
141 99
206 200
164 161
51 105
571 434
444 100
534 232
151 289
230 270
133 202
546 264
277 17
533 182
135 431
77 151
536 196
568 41
113 465
161 151
474 416
550 462
417 76
235 207
163 553
6 156
89 131
525 195
224 87
342 171
210 484
274 465
210 579
492 528
563 55
408 141
151 295
346 121
301 210
590 8
363 96
224 589
72 387
267 64
482 97
551 474
436 75
53 535
239 201
305 474
26 282
22 179
143 571
517 100
398 93
197 76
426 78
43 287
530 298
232 114
114 507
138 99
234 481
211 57
353 131
114 195
65 351
296 327
104 460
591 349
53 315
542 10
379 338
176 56
177 334
80 192
35 325
298 341
374 197
433 410
461 56
182 582
41 380
118 553
495 538
377 323
315 233
392 407
298 543
256 152
475 33
584 411
394 346
564 351
363 296
362 406
439 34
444 10
254 560
251 568
566 137
181 423
214 324
160 523
240 401
384 25
555 392
347 191
336 307
474 272
369 101
366 481
65 200
355 295
364 592
398 570
319 420
109 294
148 481
291 123
191 585
370 97
65 331
427 275
160 476
386 21
160 172
9 521
169 59
405 600
533 179
490 312
295 419
320 58
204 27
494 482
38 482
543 134
366 58
305 8
320 163
99 21
320 171
111 147
449 39
199 334
499 241
474 90
219 343
49 232
336 506
499 86
400 298
562 210
325 394
353 50
344 14
119 425
514 44
278 295
176 466
121 560
49 33
163 86
145 528
454 91
95 450
233 152
356 186
467 21
275 393
535 558
217 476
165 520
33 450
260 26
187 9
548 383
4 531
463 553
407 356
531 461
480 37
55 13
71 309
477 585
280 147
175 595
589 404
429 210
324 395
113 580
235 449
127 314
240 372
301 194
179 471
379 288
236 398
519 388
406 39
148 282
551 185
177 6
579 480
310 18
6 502
371 348
566 164
116 235
571 205
100 587
456 336
512 210
369 51
19 118
318 265
491 429
438 79
529 560
106 533
337 129
140 306
157 259
523 382
353 126
82 261
479 426
361 71
136 92
220 565
207 245
579 87
404 86
299 517
275 363
554 40
160 594
526 327
237 146
227 231
336 393
362 55
230 402
313 95
595 179
585 556
300 541
428 568
385 326
546 442
295 278
143 85
50 572
274 574
589 509
234 340
213 538
232 490
361 326
579 369
339 574
508 251
481 39
423 132
256 462
137 128
37 166
403 531
214 32
540 91
383 399
461 164
400 569
224 10
335 454
116 360
29 101
383 339
72 385
593 531
483 291
512 302
113 275
339 439
358 593
239 283
318 104
524 177
425 471
518 600
343 206
437 169
585 270
456 348
141 252
581 304
390 119
265 290
529 554
25 232
318 361
182 341
442 206
294 509
6 297
99 224
318 553
413 585
411 445
31 552
362 109
527 448
540 225
17 51
592 407
517 53
133 375
75 404
224 470
356 235
120 20
311 31
32 166
138 338
292 70
86 225
128 319
557 239
421 169
73 491
479 311
163 577
332 133
11 187
186 542
577 131
164 492
87 96
380 124
389 280
54 251
103 95
72 375
581 264
286 28
41 71
472 130
239 215
501 271
473 352
72 391
374 245
155 165
250 14
253 429
359 569
485 487
527 582
154 41
154 54
497 164
169 325
6 113
263 180
361 210
295 481
539 446
388 298
431 167
16 127
433 493
359 562
351 564
561 257
186 20
139 106
386 434
94 544
343 105
121 245
388 396
453 216
78 257
46 230
240 465
321 190
174 95
90 287
489 85
336 448
237 136
387 209
361 575
416 165
212 357
512 495
528 188
489 323
92 494
333 501
312 246
173 339
515 474
520 25
106 598
431 545
247 593
182 226
347 174
128 486
306 347
255 273
177 60
18 67
565 519
365 213
332 195
334 440
356 29
325 243
385 517
506 85
559 27
456 94
241 211
18 113
553 64
411 132
116 596
251 1
90 597
103 102
352 83
66 316
109 291
20 151
109 491
467 489
383 28
323 360
320 20
372 223
399 410
229 129
565 521
146 532
248 432
563 319
325 293
416 34
308 23
559 356
167 569
522 409
517 54
392 395
170 497
198 456
284 584
45 489
198 527
560 238
186 347
476 55
421 447
12 382
556 228
51 260
42 406
282 540
117 376
453 417
89 431
249 522
342 191
4 320
215 29
383 137
530 106
188 539
451 134
516 497
114 50
599 45
546 86
283 501
364 539
111 282
294 293
337 58
90 187
253 100
460 255
467 237
203 227
467 443
394 458
411 594
4 71
192 557
395 121
102 327
249 349
147 386
444 191
66 7
37 86
197 365
582 481
337 419
521 477
398 592
118 112
463 247
378 289
139 192
512 102
204 87
354 451
287 466
397 176
442 243
432 187
448 178
64 482
206 480
266 208
526 129
546 594
598 596
336 558
396 84
449 25
130 281
82 55
306 278
53 267
120 9
100 429
48 534
375 525
277 476
369 297
225 556
481 417
492 47
558 200
33 313
334 452
441 586
160 468
296 199
452 508
200 547
127 24
274 66
238 297
109 170
4 341
578 9
302 133
429 509
585 238
199 227
539 350
510 44
133 52
198 495
528 353
375 147
390 162
91 128
555 541
291 191
115 119
464 42
149 362
188 329
552 102
175 506
233 407
551 137
407 495
573 489
269 281
12 362
136 500
542 483
437 192
237 75
144 581
300 546
430 316
28 68
115 237
21 389
238 221
267 439
516 141
282 205
418 394
492 598
294 109
369 189
273 520
473 177
501 120
270 161
245 345
148 348
215 195
167 247
69 22
491 399
285 195
538 179
338 196
284 561
426 533
563 51
586 481
225 401
440 564
580 5
555 146
381 508
344 511
507 4
548 137
341 547
309 382
43 264
370 591
487 137
325 538
550 336
571 216
589 330
570 273
41 590
461 299
113 515
378 556
171 260
87 457
167 196
326 63
424 35
162 256
523 97
493 333
502 444
202 143
105 483
443 458
307 365
26 428
15 381
223 126
151 401
343 380
553 204
564 395
86 220
593 334
51 447
60 477
569 425
454 91
369 379
596 475
521 241
154 523
536 364
128 266
579 36
562 370
202 2
344 65
468 121
372 6
341 258
365 520
508 415
85 453
157 479
306 143
597 524
322 593
135 172
215 400
120 188
323 183
276 323
402 559
521 180
491 266
221 566
370 570
52 17
269 353
339 211
464 58
346 280
176 438
371 538
42 296
167 530
328 552
515 317
24 97
572 313
275 79
157 425
39 24
10 515
92 456
393 338
303 466
88 212
308 248
233 572
148 56
306 90
56 4
583 304
586 589
296 278
387 48
269 69
539 36
200 135
536 246
169 296
514 341
200 523
229 27
338 223
244 356
134 448
278 83
329 354
407 586
152 34
499 477
596 531
106 508
417 567
198 548
252 311
463 106
38 121
203 123
289 74
130 64
31 396
480 554
407 174
451 153
287 92
301 96
263 16
468 55
515 318
65 156
352 431
71 274
314 252
220 577
500 337
597 492
571 435
523 151
231 425
528 206
212 479
145 514
495 172
74 35
68 63
12 371
543 266
549 439
8 452
194 123
91 529
339 575
56 260
440 556
459 489
36 560
172 186
367 20
140 199
34 127
184 549
579 223
403 415
445 583
287 578
276 356
599 323
429 363
304 152
398 404
227 290
296 180
214 385
573 229
264 302
532 213
444 504
521 519
66 202
335 200
322 478
284 163
182 395
410 260
512 517
568 234
159 490
28 253
199 205
364 15
155 88
584 419
103 266
397 388
147 597
413 537
393 488
342 19
557 559
546 528
467 54
429 343
369 207
340 521
497 513
503 593
547 247
545 342
410 12
396 463
572 380
507 276
444 25
539 346
268 46
321 109
400 436
311 241
109 136
220 471
80 500
189 278
313 145
397 376
132 461
406 541
18 241
52 510
146 141
339 491
292 278
314 64
231 403
256 166
19 509
30 175
364 125
186 547
119 499
20 513
271 357
406 122
475 306
234 443
279 222
289 99
192 346
534 409
218 94
97 284
181 51
439 316
119 436
311 67
30 404
9 334
451 510
302 296
324 269
314 510
36 303
431 196
395 264
473 363
593 367
257 157
33 181
122 166
285 546
22 269
326 439
8 72
501 565
240 536
14 496
532 373
180 104
383 498
362 66
338 155
435 138
562 257
565 402
246 208
490 522
32 414
582 233
258 189
349 578
573 570
531 308
220 3
76 67
189 397
86 222
317 588
309 3
349 228
575 23
542 410
459 13
451 530
312 581
563 568
185 490
420 337
574 295
380 543
189 48
222 188
159 223
384 346
334 453
481 7
59 517
202 391
355 381
323 145
398 310
196 299
310 187
445 179
546 45
503 400
216 400
98 577
412 494
253 86
424 332
319 362
449 120
473 419
224 435
334 155
258 458
85 488
257 505
551 145
494 179
583 481
499 134
55 108
547 520
31 455
534 69
281 222
81 103
495 359
15 350
501 285
209 255
450 356
176 160
81 150
169 343
22 401
429 427
171 259
514 391
44 327
490 137
238 18
576 599
324 314
149 198
317 530
195 238
520 214
207 165
51 49
578 215
282 367
13 537
549 591
467 270
27 167
505 435
326 580
86 205
11 518
250 533
568 101
220 245
465 341
62 16
541 201
81 7
366 529
307 393
20 108
2 211
210 289
36 258
597 536
145 247
498 423
439 414
348 525
6 415
49 502
575 383
188 56
492 398
219 195
439 267
302 341
481 264
74 520
247 534
582 527
485 594
2 191
171 184
61 520
487 160
222 496
277 542
37 219
458 365
509 364
282 395
166 324
311 223
262 365
600 489
299 519
323 80
513 361
501 221
311 428
535 311
432 341
558 125
412 544
362 149
74 599
176 473
310 83
340 82
485 94
280 245
227 485
483 545
209 435
419 562
52 201
491 78
342 487
100 495
66 243
161 439
199 286
550 42
277 169
520 45
214 299
328 231
570 109
113 389
214 267
421 242
384 77
110 221
466 88
346 471
173 234
582 425
78 497
296 175
249 174
34 342
332 500
364 152
133 208
542 279
453 595
249 241
200 471
253 582
298 376
101 252
172 174
374 415
148 348
244 118
543 326
7 235
220 279
372 163
429 466
365 91
515 359
234 335
160 133
347 157
381 165
480 265
600 221
228 524
405 463
490 380
464 126
220 164
423 505
178 455
349 578
466 67
483 239
289 513
248 363
212 13
77 267
465 203
206 309
192 303
339 544
20 16
31 253
234 538
259 483
220 234
278 466
497 401
123 183
48 304
514 342
529 419
595 535
575 262
151 445
387 247
195 158
110 146
157 440
572 320
451 584
399 287
92 528
80 597
524 34
157 506
187 373
201 83
482 194
158 146
15 69
133 15
271 72
247 403
489 182
586 386
316 517
126 344
412 64
65 357
174 157
201 449
127 82
322 430
367 38
85 382
269 311
93 171
595 575
151 331
286 307
375 422
483 22
417 123
29 514
266 427
177 22
50 282
524 237
289 23
474 130
332 238
554 517
89 98
66 64
399 178
142 521
254 469
126 164
155 211
337 589
234 504
177 309
59 7
450 428
444 59
77 133
125 259
180 448
425 454
228 47
400 27
449 348
336 31
23 200
402 560
179 160
32 159
525 595
534 225
250 174
211 124
454 212
232 58
141 478
72 116
239 238
302 173
201 534
330 141
125 435
576 318
373 276
596 455
339 98
262 248
493 190
109 372
221 171
225 130
81 375
164 162
202 278
562 151
121 353
97 145
352 482
51 293
339 291
539 411
134 583
307 309
416 47
224 24
125 283
398 369
530 254
558 513
220 544
301 483
501 376
195 224
544 555
3 64
239 70
418 201
387 358
144 571
126 232
39 215
533 266
283 216
19 195
163 435
265 456
404 409
415 547
353 200
600 585
257 519
439 238
106 128
534 428
229 15
115 415
352 206
93 272
328 308
306 577
498 242
351 102
320 398
235 371
150 53
172 271
181 195
386 575
495 588
530 294
560 169
188 397
506 10
142 429
70 97
558 343
61 218
401 45
27 570
219 45
327 291
325 126
274 8
525 86
47 44
533 359
501 576
528 14
67 597
268 473
107 197
381 15
104 259
374 478
438 324
488 422
106 489
186 46
27 568
320 335
217 122
332 202
284 470
14 436
570 386
302 57
443 204
433 278
212 229
463 388
278 217
273 589
77 557
164 6
397 425
467 254
25 389
146 97
410 69
178 173
563 410
393 258
57 164
378 503
571 588
581 21
304 487
557 349
368 96
450 207
364 21
402 68
432 472
396 441
420 259
466 62
234 319
460 315
173 373
259 92
499 245
549 299
396 524
510 431
165 486
560 311
83 112
505 377
131 65
214 267
376 423
459 287
291 224
534 119
85 251
578 497
159 413
430 323
559 511
321 229
409 222
481 287
56 166
572 22
214 375
209 87
275 534
298 139
238 494
429 126
333 177
477 512
79 478
508 403
189 481
217 140
266 579
428 121
492 495
193 139
289 384
105 379
25 363
443 31
323 406
549 494
13 249
448 357
331 428
287 555
380 50
465 198
277 60
166 549
233 168
282 187
540 298
484 256
556 557
492 339
299 516
545 513
218 98
328 527
382 106
24 446
309 179
402 3
395 448
572 79
102 334
258 511
462 361
55 33
63 451
422 443
237 242
438 528
57 201
120 86
106 385
39 283
407 48
60 434
372 227
90 504
331 443
115 199
278 504
40 442
399 27
459 486
25 352
524 533
53 69
367 282
276 371
498 133
499 214
568 169
302 507
348 191
316 481
421 52
110 582
539 154
492 231
353 102
524 147
143 26
87 254
402 262
350 10
22 459
389 370
140 241
524 474
322 426
324 212
503 241
272 380
202 22
77 354
345 229
545 35
592 322
433 22
584 82
291 424
271 113
524 34
501 43
537 210
249 311
566 417
159 434
234 538
386 305
220 475
585 187
359 442
257 390
283 247
154 125
150 534
513 118
409 239
545 139
25 449
272 494
253 575
21 107
263 255
145 274
342 533
404 14
150 507
384 532
81 181
494 270
195 356
593 5
405 381
61 570
218 455
465 497
531 254
549 263
494 564
514 255
465 109
310 104
478 289
427 511
437 359
278 292
166 149
123 400
496 122
295 225
145 448
318 409
242 308
414 480
396 348
467 500
395 333
31 51
386 564
134 477
395 222
385 294
112 239
580 440
421 303
206 109
586 440
587 515
328 456
127 548
436 563
428 248
571 18
213 402
460 123
436 176
168 571
172 573
192 414
524 561
151 26
41 3
375 177
222 459
310 247
106 536
437 266
519 309
128 29
366 358
324 34
274 144
283 82
64 107
557 554
423 353
593 455
175 534
247 227
214 480
214 415
427 319
438 350
436 164
539 154
280 600
389 50
90 330
265 89
108 399
371 304
9 591
316 534
9 472
418 453
550 103
129 268
52 134
94 331
19 67
274 540
559 255
503 280
544 5
108 529
510 477
178 300
425 39
213 264
44 599
502 229
458 182
336 340
190 454
193 204
430 295
390 70
232 47
62 479
399 495
379 39
235 208
328 149
501 541
137 142
499 159
521 178
244 307
79 275
589 497
221 473
150 39
202 576
320 520
488 276
381 41
31 507
148 464
9 20
534 49
232 247
216 232
578 471
200 336
181 350
539 370
285 291
334 272
30 561
453 18
258 596
277 487
542 380
220 354
64 379
15 373
494 468
492 131
469 567
56 28
418 115
87 320
60 576
208 556
221 184
566 105
319 10
118 475
537 454
301 512
129 400
462 512
217 487
307 515
76 501
258 76
597 532
455 537
461 390
584 137
322 341
256 340
215 504
372 122
10 98
8 169
426 569
274 79
257 304
413 128
88 117
260 438
278 540
174 507
397 437
357 477
244 107
64 358
2 468
141 145
50 577
186 376
101 148
303 453
453 500
250 208
588 66
455 129
282 123
448 253
278 248
364 430
379 568
184 197
87 238
458 321
153 310
553 237
354 521
145 144
429 398
238 91
518 297
528 527
277 229
592 17
144 19
31 40
374 344
273 335
495 297
204 74
508 4
132 495
591 4
435 231
142 351
396 147
288 415
576 278
345 568
120 227
161 127
360 440
586 401
419 127
361 38
549 399
482 413
31 181
457 201
89 50
494 159
450 216
196 133
560 239
408 411
238 575
39 155
545 320
91 371
18 564
494 315
321 353
18 113
383 253
361 38
221 125
465 200
410 225
488 54
45 298
450 551
199 205
505 403
283 351
261 98
193 512
99 449
563 450
121 162
241 21
599 341
182 298
31 330
307 47
497 90
209 323
258 358
164 102
413 360
73 295
141 324
414 19
210 541
30 19
229 370
403 341
263 172
395 96
485 318
593 267
290 70
348 89
287 117
442 154
580 118
578 109
150 531
129 172
161 32
558 62
532 331
59 440
223 584
139 215
114 497
538 456
129 416
32 1
45 81
519 276
238 12
398 461
148 264
427 496
599 70
41 546
94 459
25 210
73 244
140 274
412 542
148 421
219 235
390 230
291 220
532 78
314 410
41 143
61 411
34 184
1 23
111 236
113 585
283 426
8 74
204 124
132 267
401 181
195 486
397 98
134 386
483 564
457 494
570 114
463 174
497 204
120 480
450 559
426 199
313 527
386 550
215 359
401 92
308 279
242 75
563 62
192 2
213 87
177 188
203 128
315 563
67 458
535 182
527 351
20 271
31 101
305 231
548 343
433 205
16 278
33 276
114 509
336 491
474 239
560 156
346 69
134 323
135 183
12 32
15 346
441 483
420 98
463 163
267 261
579 427
166 292
129 6
46 34
59 238
235 285
101 545
425 243
596 577
81 502
26 480
137 499
386 300
403 144
446 562
15 213
245 192
426 518
505 3
567 184
235 398
175 37
554 340
168 243
374 318
140 19
22 517
534 482
390 291
298 330
302 553
16 62
179 298
160 514
82 106
515 74
368 494
423 219
254 182
270 344
370 224
178 296
348 450
515 575
576 593
568 9
283 79
120 397
28 383
84 287
596 108
53 91
570 215
443 213
98 589
157 423
586 142
326 562
583 265
72 195
350 591
390 219
66 155
226 181
324 381
181 598
396 459
197 272
235 47
598 99
33 262
515 60
94 297
528 381
343 192
9 104
414 192
433 511
184 9
324 560
302 62
362 569
482 498
441 156
319 569
280 342
430 534
23 333
493 535
457 176
545 287
370 295
409 204
438 189
35 137
31 154
50 24
176 39
455 384
571 6
125 326
90 448
445 415
148 131
176 402
416 196
477 97
20 569
553 563
319 326
466 299
292 424
78 320
186 578
269 184
579 89
132 413
388 318
475 534
17 513
341 161
575 287
234 17
530 440
343 545
452 342
124 122
472 233
402 561
165 319
194 436
272 500
176 502
447 289
237 83
317 205
427 497
241 534
323 31
496 119
192 236
80 253
96 547
351 300
544 149
345 272
7 107
249 322
205 52
274 96
161 405
552 450
466 275
543 564
232 571
532 251
404 218
183 122
554 253
71 16
115 5
398 455
354 144
123 122
8 137
124 260
409 536
58 286
206 486
297 110
231 509
164 271
478 598
368 554
219 156
43 111
522 79
29 571
475 324
38 2
80 174
287 465
479 234
451 269
170 290
99 394
477 419
36 168
524 352
420 570
392 395
106 25
219 435
356 346
582 358
311 388
347 332
430 51
349 600
467 566
279 392
366 477
537 110
248 130
141 235
238 106
163 152
216 236
216 219
379 176
380 455
464 288
442 489
272 68
162 153
279 257
387 163
267 168
204 22
248 340
249 392
460 437
492 62
159 11
542 505
336 325
170 83
410 166
583 70
457 172
154 497
18 425
384 76
258 293
515 24
582 254
579 244
226 310
264 422
245 160
344 469
444 289
588 316
176 345
596 505
345 453
460 481
453 505
216 516
401 54
121 569
112 553
346 540
91 549
2 498
78 448
51 284
474 330
297 70
321 368
166 383
364 478
7 166
158 586
261 50
442 70
457 341
68 394
241 193
324 191
231 581
130 131
286 230
112 565
68 98
504 203
408 590
537 127
591 154
69 387
590 204
589 295
206 313
456 96
284 488
504 395
232 19
518 226
96 461
328 259
235 135
99 186
126 468
396 286
491 228
33 30
20 469
551 513
293 43
343 140
15 461
447 134
217 340
77 557
553 508
189 371
40 392
270 503
86 83
459 405
399 370
292 74
64 396
115 165
546 269
21 155
580 50
289 549
451 462
218 395
532 335
597 224
187 420
448 302
42 127
478 487
560 433
78 26
341 444
60 139
502 204
233 272
475 296
97 243
151 331
493 134
184 283
185 29
27 178
319 411
310 69
62 190
345 224
443 298
27 522
59 482
568 442
129 255
43 502
262 296
168 96
157 109
226 585
510 104
557 375
295 430
333 151
545 488
580 440
127 359
98 74
569 340
151 426
215 361
198 466
201 267
457 391
85 360
297 29
271 176
298 304
454 1
314 568
214 194
186 553
491 24
239 202
597 132
578 457
387 470
206 322
457 544
244 25
284 397
82 105
377 585
547 8
371 526
287 232
119 463
507 301
170 532
252 513
562 133
413 137
60 213
581 78
88 275
368 84
474 461
375 542
489 76
16 587
564 364
392 143
333 485
580 531
289 596
121 31
291 219
430 410
211 336
211 281
27 381
329 245
173 547
377 436
236 339
283 10
287 310
40 317
132 357
580 285
267 124
225 362
517 189
566 210
179 375
29 367
587 54
541 360
374 112
543 416
102 466
528 138
86 522
243 124
470 295
481 9
82 586
243 108
249 191
514 354
415 372
463 164
517 571
185 45
515 435
368 456
486 303
174 172
504 526
179 120
399 368
497 106
241 46
265 422
144 151
555 76
524 117
78 400
56 47
314 291
240 63
586 14
366 575
509 357
482 191
407 202
18 283
202 41
290 469
401 101
267 268
266 540
106 231
362 130
599 387
189 409
567 131
378 210
352 61
307 295
582 312
85 202
476 553
439 223
546 399
224 34
113 268
426 529
364 385
325 573
10 230
309 78
361 471
21 269
330 262
363 545
411 81
99 298
122 53
67 549
217 75
322 32
379 230
303 282
153 425
408 67
32 312
109 588
582 60
168 153
27 318
428 491
299 377
557 247
134 242
552 506
113 490
185 115
296 111
494 315
58 568
491 358
502 345
223 265
69 461
46 69
125 482
290 79
37 501
201 139
7 550
55 598
437 475
342 227
309 179
273 397
297 379
57 141
212 216
293 445
179 433
265 407
434 517
223 74
499 535
401 494
506 443
497 140
55 154
323 247
372 565
373 139
74 155
223 341
509 143
407 306
45 555
126 319
479 583
181 291
82 260
162 324
532 209
390 227
461 413
552 497
74 497
296 4
332 66
297 423
531 409
123 82
157 196
556 66
245 41
409 198
23 100
551 560
471 557
579 527
479 54
22 290
412 378
388 200
368 567
379 130
516 377
196 376
307 576
123 136
532 133
374 268
495 538
280 375
490 301
431 260
116 202
318 107
520 260
274 568
389 35
527 355
94 282
576 572
258 428
185 221
474 551
250 302
35 363
405 249
291 113
449 521
227 7
579 78
179 458
487 455
451 436
285 516
482 253
73 426
480 381
391 321
305 24
232 264
8 236
59 5
410 28
258 451
134 244
456 434
264 161
247 127
281 146
468 378
383 114
485 561
411 393
10 91
168 120
551 459
556 589
111 84
186 198
147 418
72 67
396 587
257 522
345 166
4 462
31 151
461 524
111 404
379 79
97 520
45 352
586 513
464 596
489 338
456 412
310 332
250 497
599 435
517 160
331 184
154 156
109 538
173 522
201 588
590 334
77 60
126 250
22 428
56 151
402 192
408 47
562 547
56 253
549 366
334 138
339 464
455 526
447 568
210 383
253 305
244 540
566 569
446 373
336 268
517 525
163 137
208 354
151 245
76 409
534 477
466 340
366 136
537 123
147 433
317 321
357 503
30 452
46 421
287 89
249 72
94 46
568 509
361 565
142 80
539 279
170 109
468 538
323 581
320 255
92 31
106 25
475 142
575 281
509 520
2 99
193 92
470 544
124 143
428 259
513 443
535 390
168 534
101 272
235 198
326 493
488 218
523 128
569 354
148 220
420 357
186 106
145 68
12 428
546 553
399 486
158 258
51 461
416 274
133 149
187 435
252 280
405 250
175 557
178 292
257 7
417 423
286 444
143 23
118 471
51 260
114 335
197 484
158 419
217 141
527 583
194 410
157 92
405 356
350 42
381 566
308 9
312 508
398 118
489 136
168 45
324 406
100 29
411 332
511 58
557 277
252 297
406 156
164 71
404 201
42 300
524 89
312 46
472 474
148 329
245 460
3 157
309 483
427 106
305 494
407 109
350 279
166 483
342 47
326 107
47 60
309 433
73 104
172 362
103 383
591 435
594 591
196 216
260 94
405 455
183 426
208 245
370 321
20 216
476 492
340 489
397 291
281 29
253 167
477 96
150 309
516 138
390 102
285 129
548 248
99 582
482 128
221 540
441 573
138 136
42 450
462 77
334 340
418 408
21 389
36 331
176 189
319 374
465 128
331 336
285 308
323 580
144 599
103 435
135 15
346 507
517 348
104 90
75 8
228 238
437 577
588 542
135 416
242 258
127 430
115 82
543 429
124 251
594 595
549 27
309 109
427 308
104 68
579 283
502 360
546 478
359 597
416 511
201 412
66 223
235 329
193 61
335 434
95 130
599 437
384 564
436 527
554 561
44 470
424 140
29 197
104 49
213 518
212 160
88 338
500 277
276 77
561 325
375 78
593 470
321 336
156 300
168 345
393 349
466 439
176 596
485 300
21 167
146 198
402 419
114 193
115 113
350 5
83 433
486 282
114 226
104 555
506 35
475 312
20 538
534 31
44 335
120 129
357 546
535 342
192 59
176 408
289 68
160 190
309 318
88 477
109 226
319 16
381 372
227 234
211 327
532 282
551 28
325 40
518 373
463 192
441 285
428 81
587 583
6 11
264 450
450 196
104 38
342 34
435 2
86 26
335 582
536 55
44 336
39 48
476 496
337 422
521 438
476 17
30 433
91 579
143 160
559 301
257 380
123 535
361 429
164 59
370 297
502 241
411 426
453 150
457 291
338 281
345 518
185 436
207 341
259 473
326 324
219 332
194 8
365 229
299 396
413 442
434 418
524 117
485 441
525 28
533 232
401 113
589 370
354 536
75 408
319 326
257 573
494 255
419 343
372 571
428 511
525 273
116 355
426 80
301 21
345 453
362 425
158 76
557 32
307 40
581 458
475 495
325 295
102 385
129 159
535 481
336 246
342 247
328 420
582 14
7 214
338 21
352 284
150 484
553 513
139 208
532 28
78 581
290 264
590 474
264 185
40 307
307 88
587 345
447 568
166 72
236 452
289 245
296 71
265 212
414 25
554 571
33 458
468 75
294 384
142 221
449 430
474 448
190 248
409 413
65 478
449 512
255 345
45 526
338 538
500 230
229 297
47 544
559 105
222 520
145 521
371 528
503 580
41 182
532 28
272 398
436 397
183 72
251 64
437 72
419 345
154 369
64 253
597 265
49 375
358 17
389 281
212 333
38 179
483 463
306 514
333 320
239 65
533 182
326 402
11 115
367 599
282 504
422 52
215 57
161 498
572 69
548 511
402 344
140 238
187 549
32 241
238 408
533 558
112 165
92 556
597 536
217 510
438 321
557 343
335 322
213 512
467 469
233 76
512 432
3 71
597 144
255 443
151 201
587 126
470 153
85 325
104 90
148 591
388 82
66 379
327 8
185 161
85 312
285 246
510 549
134 442
451 566
498 139
406 445
298 400
203 35
124 250
205 419
512 488
35 486
327 410
105 15
138 180
351 433
83 399
92 239
331 415
99 135
262 545
24 388
10 543
255 522
165 506
369 264
482 82
74 42
570 213
92 162
269 53
467 562
292 414
294 533
97 449
24 46
235 111
298 317
333 521
475 355
422 174
533 272
560 118
91 226
227 185
66 127
390 135
262 90
504 115
448 155
44 371
74 451
280 385
81 573
173 583
599 494
438 257
581 511
153 355
506 204
308 77
85 102
567 135
46 232
94 269
264 338
161 309
513 218
109 292
516 198
57 433
361 119
378 365
262 366
33 417
161 486
85 60
216 519
544 18
361 241
176 362
6 65
305 576
85 506
410 49
195 302
494 243
14 79
319 225
20 24
417 537
582 464
135 144
24 98
215 378
108 177
320 313
308 328
537 363
518 336
597 429
362 134
491 209
343 63
370 120
338 156
342 482
420 387
226 563
402 60
570 327
295 519
260 579
81 559
109 227
508 162
110 378
446 51
125 513
209 99
462 8
102 395
422 129
241 366
412 434
158 365
22 312
459 121
498 517
521 450
5 123
85 476
294 511
590 51
567 495
484 437
575 442
369 244
55 288
73 160
356 170
291 500
129 50
134 324
231 407
308 151
198 467
465 573
348 4
137 386
56 257
181 557
590 326
38 567
203 2
81 247
71 61
281 130
496 488
61 140
562 561
49 20
214 270
535 250
118 63
472 164
294 490
506 203
240 367
422 390
543 400
203 338
562 208
426 255
328 359
113 315
242 518
49 8
163 510
587 47
21 145
252 480
507 569
82 15
66 160
570 364
258 127
444 395
316 591
507 31
309 456
231 193
343 195
97 280
243 222
399 175
440 81
272 65
126 440
225 255
483 29
430 4
368 120
66 515
302 376
379 239
289 546
570 138
534 596
105 24
194 218
321 542
492 157
468 530
121 89
110 98
256 394
113 588
15 179
341 257
360 120
77 43
219 64
90 382
547 19
419 240
11 143
500 108
177 328
511 486
326 403
256 445
391 311
94 393
34 463
278 449
13 294
95 449
185 60
441 424
296 440
409 48
375 185
228 469
437 513
50 107
239 359
515 480
421 375
497 113
128 440
503 178
459 588
239 516
306 92
412 575
29 546
571 102
51 535
140 503
121 3
340 562
473 314
470 184
33 596
157 589
186 536
4 263
166 375
3 589
202 467
412 29
420 147
583 540
546 272
398 25
197 394
177 463
35 69
309 496
190 87
241 221
8 542
345 497
166 47
208 77
102 323
357 351
12 415
107 77
291 65
252 68
193 132
520 128
419 410
456 108
249 374
23 429
22 564
422 392
531 70
198 523
240 288
434 174
297 533
401 480
487 258
413 304
504 396
258 582
459 223
285 479
162 264
48 17
189 318
481 11
491 260
329 414
112 260
197 320
480 455
160 137
22 555
360 286
480 343
243 565
576 544
100 460
247 255
257 40
377 88
42 516
151 515
504 440
277 134
583 139
65 310
412 294
452 591
260 138
131 192
595 575
451 54
486 587
460 459
256 324
574 39
173 29
16 581
262 45
113 162
568 383
48 593
142 545
59 130
12 480
259 141
148 362
134 144
360 365
266 324
208 492
488 472
528 283
390 347
564 443
21 597
173 587
526 131
224 481
291 303
353 156
141 575
356 284
63 343
57 518
83 246
241 497
486 338
206 559
181 252
442 102
283 330
456 79
335 555
543 19
66 19
166 212
226 371
227 35
376 111
367 179
236 474
481 59
63 345
266 97
336 582
267 96
451 93
401 205
60 205
536 197
477 60
583 333
353 220
181 170
68 350
543 147
82 221
46 270
275 5
540 313
79 467
359 127
6 483
230 498
33 31
242 307
66 2
560 384
589 434
436 567
257 198
42 152
564 426
52 554
352 13
389 353
121 373
55 248
66 100
43 379
74 428
484 262
323 561
390 549
540 221
14 59
156 70
187 319
157 10
482 332
268 273
432 377
402 281
126 419
333 302
400 44
192 80
129 512
2 403
418 357
444 215
438 136
472 245
450 489
532 14
413 134
272 439
303 256
473 345
331 536
228 286
46 227
133 373
341 251
274 540
210 276
293 266
540 233
313 446
319 191
502 414
547 321
379 338
493 259
258 112
469 102
409 217
411 188
341 290
309 585
267 416
430 386
469 110
1 2
164 378
272 596
489 168
129 289
510 68
545 141
259 52
137 515
295 318
97 314
289 283
73 296
236 274
520 224
546 97
180 148
255 525
380 527
114 67
185 361
244 292
163 97
465 241
278 552
202 96
573 314
80 592
263 190
351 190
425 256
322 130
252 97
66 551
241 236
408 359
423 597
130 125
361 317
535 60
487 591
426 253
317 118
375 145
339 242
358 261
205 204
37 552
370 226
488 479
193 392
84 522
461 434
143 588
132 223
257 586
103 239
316 50
359 415
488 399
328 381
435 224
507 423
459 173
439 555
323 283
390 596
543 182
322 74
538 447
61 314
577 241
325 304
242 214
289 31
542 452
528 257
65 303
377 84
116 221
352 579
102 40
294 240
22 587
589 141
36 537
166 324
462 386
115 34
280 317
274 97
186 378
119 60
41 279
384 248
111 372
520 102
560 473
358 431
380 515
421 299
227 47
314 33
197 351
68 2
123 48
183 390
504 38
345 303
134 23
130 39
533 278
299 520
516 61
541 409
509 580
59 481
220 420
262 21
223 31
287 247
595 254
530 168
410 371
402 237
73 511
489 285
256 226
588 110
223 572
506 297
506 367
89 238
46 378
75 263
558 53
535 228
436 166
222 148
348 413
79 344
589 65
297 1
435 59
591 384
63 248
539 360
492 155
334 336
454 450
467 410
212 246
44 115
139 255
413 582
397 136
53 546
535 22
173 11
307 534
594 61
407 355
105 370
21 388
341 204
232 207
236 540
259 367
471 344
213 337
4 467
496 141
316 67
390 488
337 245
275 521
82 517
196 46
98 317
464 97
506 318
215 242
21 487
457 534
504 597
159 210
377 570
396 454
169 60
463 52
419 339
122 183
492 151
215 126
194 252
84 42
392 29
219 436
327 378
352 226
399 190
79 305
117 493
83 151
72 443
6 277
598 389
160 107
244 232
539 389
70 488
420 70
490 71
576 150
466 478
299 477
300 124
535 105
382 365
85 335
245 372
566 519
85 492
210 333
255 316
22 68
596 130
239 294
289 167
341 199
243 63
484 374
207 132
423 588
282 373
48 361
58 75
569 121
163 511
141 91
240 54
365 134
70 148
578 274
437 261
130 396
512 225
531 403
417 435
571 436
24 426
534 133
79 119
128 23
130 44
220 435
479 11
248 188
25 283
232 367
256 419
470 246
247 407
514 21
495 356
450 534
559 259
99 521
474 37
217 196
196 182
271 99
501 51
123 207
280 342
297 94
485 564
305 588
134 471
555 343
167 101
394 407
382 295
568 240
406 355
461 379
489 530
493 546
183 339
407 197
530 559
350 234
158 343
15 221
496 477
542 339
187 68
214 508
386 478
161 420
15 533
162 353
399 373
270 510
539 207
361 210
396 506
91 352
280 264
281 295
518 113
419 155
305 153
143 326
551 355
441 556
255 562
369 19
439 105
76 78
525 589
181 176
41 450
12 58
199 115
187 458
452 365
440 115
327 579
149 116
374 314
454 134
124 483
423 509
101 428
206 524
558 368
345 465
73 256
121 19
79 557
535 61
462 540
39 209
495 39
587 448
17 377
373 168
426 183
125 150
181 404
106 412
161 274
214 375
31 45
285 14
45 423
229 65
70 208
136 4
349 394
68 214
213 554
456 51
397 416
426 587
281 346
508 428
314 422
120 518
487 375
117 525
97 488
167 469
126 110
215 182
388 244
437 325
317 405
50 569
442 177
253 496
360 44
319 288
121 117
49 506
294 191
19 71
457 296
322 350
522 139
123 240
26 179
342 517
336 564
534 353
382 573
308 420
16 423
115 144
85 274
190 473
191 532
544 505
454 258
285 398
203 410
429 469
6 85
338 504
70 271
106 58
417 248
564 579
407 390
497 208
497 368
294 128
461 512
137 582
422 427
321 48
315 139
473 399
262 446
482 569
138 475
135 572
546 375
189 527
274 376
317 216
567 2
62 495
388 205
141 117
429 241
9 360
164 444
298 499
23 426
47 329
433 84
408 112
168 265
231 258
304 412
411 542
92 301
528 137
583 404
9 165
390 243
35 136
242 7
461 519
322 387
296 381
319 382
576 155
580 108
30 393
496 142
592 315
466 537
261 364
30 504
199 475
422 104
382 261
9 188
255 488
502 322
282 569
44 12
554 377
586 234
120 166
527 330
462 69
471 57
410 398
557 501
56 548
6 386
598 353
2 179
313 160
63 248
15 197
484 385
159 451
552 156
218 124
155 558
582 430
181 153
244 87
474 402
414 64
299 214
551 413
412 31
166 306
10 350
294 579
248 479
321 47
458 278
46 462
290 332
118 30
137 371
289 151
192 30
81 316
61 69
524 520
569 278
91 13
535 530
325 254
214 332
112 27
8 300
419 320
350 328
42 229
163 354
234 106
221 569
195 434
199 573
272 493
228 274
15 401
253 564
119 448
36 547
586 307
428 275
478 24
216 254
177 469
431 34
151 232
539 583
314 342
155 469
495 286
192 167
291 243
482 571
286 399
66 184
215 91
502 256
596 362
147 550
240 172
599 399
53 347
120 458
238 473
513 62
561 454
544 509
65 346
493 235
52 347
413 161
454 107
80 248
317 586
473 405
231 304
258 379
148 572
575 332
344 472
370 132
243 128
261 410
10 360
382 416
297 373
478 277
561 515
405 22
334 84
279 485
183 355
146 532
452 393
505 546
316 179
579 396
215 598
476 473
535 60
298 137
13 553
63 596
171 156
158 450
210 153
44 428
5 402
297 359
508 476
471 485
210 301
560 368
475 468
492 41
279 224
154 516
486 319
516 476
270 162
168 52
309 201
518 451
554 196
93 29
104 435
116 594
119 385
298 184
41 47
390 42
270 506
36 157
48 421
409 550
254 481
136 296
61 75
303 475
491 163
68 239
323 429
449 17
2 378
274 341
91 42
402 535
98 409
76 154
135 388
41 574
211 101
519 558
350 109
538 487
212 299
199 84
113 378
254 292
305 551
583 499
511 476
30 468
593 316
3 189
169 426
505 336
309 60
341 140
344 451
600 70
210 26
576 68
452 580
411 338
562 313
217 461
525 443
577 132
301 334
309 155
275 386
58 409
7 93
146 571
387 412
60 371
183 251
93 462
311 420
317 434
336 567
558 10
477 331
269 53
597 295
204 259
573 377
151 43
369 19
430 116
118 241
310 387
329 19
407 364
227 3
151 594
74 263
520 79
390 317
368 401
570 184
141 18
113 18
183 56
100 340
377 445
114 540
32 214
186 567
131 92
240 249
404 468
493 74
463 352
85 474
45 486
232 204
468 330
422 525
499 520
418 333
580 47
230 417
368 83
256 161
274 585
549 507
133 374
534 379
414 280
224 66
49 6
167 329
278 72
568 285
92 323
143 500
117 169
525 74
191 235
288 70
573 112
270 305
259 474
349 369
95 203
187 65
87 529
273 218
32 244
306 382
41 65
9 235
339 337
496 199
285 360
591 492
538 169
577 150
566 137
463 565
556 406
420 124
421 192
459 10
60 36
462 437
339 84
318 43
284 326
316 404
306 314
110 512
94 66
79 177
544 120
3 6
534 386
240 56
185 71
443 545
90 463
46 228
357 33
223 512
550 569
509 147
169 311
58 435
164 104
207 144
591 364
598 112
42 195
483 90
253 17
532 417
7 299
474 263
25 333
394 395
476 340
391 552
380 499
458 31
592 301
476 593
307 463
284 390
457 159
26 20
96 47
263 305
136 437
467 457
301 177
26 331
314 595
220 446
568 154
455 380
566 452
43 22
211 256
215 292
332 1
126 599
417 564
529 492
586 559
9 167
167 384
442 238
30 77
357 94
184 9
382 227
100 594
446 550
513 67
471 230
312 12
174 600
276 279
56 500
526 78
110 575
74 197
66 297
69 402
225 365
440 333
123 456
592 407
495 118
30 215
343 419
115 77
177 308
141 423
510 68
189 182
556 270
77 66
544 94
225 222
272 9
562 143
208 332
332 401
380 439
131 117
167 202
234 582
529 305
370 77
185 511
558 39
318 521
578 376
320 572
73 191
541 140
384 104
235 19
102 45
17 118
131 176
493 223
528 208
413 403
274 403
34 62
320 424
505 192
224 506
290 301
302 562
547 351
58 102
495 565
17 265
559 594
58 315
346 556
356 102
382 306
215 152
32 279
210 239
89 599
326 99
489 507
153 346
498 159
277 99
316 333
554 446
391 19
552 454
589 530
212 144
313 503
9 431
374 459
20 353
150 83
449 333
440 88
105 525
590 382
239 193
182 551
586 135
44 90
507 544
547 123
9 528
342 549
310 455
269 45
159 543
559 472
264 527
282 495
527 491
549 118
385 290
430 584
243 307
64 312
3 299
385 424
285 270
486 285
475 374
355 351
268 530
414 554
160 338
406 306
527 244
443 188
416 463
396 550
316 593
336 566
438 556
13 274
555 292
562 575
519 441
394 38
105 483
70 48
590 529
60 304
293 361
115 192
58 594
83 479
356 564
421 208
532 191
258 487
371 478
89 198
377 124
264 580
351 203
223 523
596 448
510 297
378 104
286 581
170 293
71 314
8 233
356 467
106 42
471 195
154 121
303 599
425 155
132 91
407 452
213 582
293 258
358 278
336 394
226 256
493 186
260 313
521 339
453 418
199 531
132 113
4 284
57 347
78 538
381 177
527 460
490 547
566 135
193 532
391 392
542 264
82 547
307 256
586 149
356 447
511 147
132 535
40 201
590 292
334 458
184 164
36 581
358 37
447 342
460 562
566 218
401 412
449 218
592 460
395 493
368 90
481 68
149 41
129 71
297 272
81 442
265 194
549 124
236 588
295 429
478 68
308 108
78 227
372 223
420 8
145 8
17 379
570 521
48 272
246 372
377 54
87 160
180 483
449 330
438 235
81 394
125 420
527 460
33 574
557 361
19 229
392 379
593 11
452 31
387 465
251 463
260 274
527 345
452 222
391 125
201 267
600 159
341 462
587 355
11 35
565 491
153 247
336 106
215 346
240 367
48 351
471 323
6 600
52 422
10 436
62 241
291 470
389 445
221 93
428 354
233 562
150 286
253 187
230 466
356 24
17 109
406 588
599 595
360 135
337 457
335 192
78 510
138 193
294 244
18 215
333 129
345 250
195 158
476 454
182 539
246 337
119 419
333 4
419 191
123 435
68 461
321 409
383 461
79 71
9 268
208 325
302 309
214 412
473 433
472 585
395 56
354 433
575 362
243 124
224 409
39 369
262 357
284 174
155 392
6 174
178 275
345 598
291 185
415 556
186 531
442 78
84 22
281 303
375 133
482 54
366 423
280 268
459 190
43 59
29 372
240 157
28 491
144 559
419 244
414 445
289 364
250 240
513 573
338 452
38 334
585 33
402 338
151 198
541 487
389 417
23 242
562 225
469 567
51 218
223 467
125 333
557 27
365 24
214 54
144 381
63 341
461 53
393 9
147 463
336 351
530 191
182 486
242 596
332 422
454 522
178 50
517 79
181 328
219 273
228 440
581 374
543 359
271 571
347 599
373 258
349 85
19 99
12 398
585 108
413 230
269 503
383 58
164 547
33 230
17 212
140 342
272 380
106 270
434 558
35 7
482 191
314 505
503 483
284 487
289 522
313 504
36 403
453 149
416 189
273 227
300 448
343 195
492 303
301 351
204 132
381 158
459 237
171 448
552 448
579 428
507 593
138 198
256 224
561 51
576 336
405 128
394 294
64 147
129 269
38 394
84 199
182 337
250 292
173 171
298 51
43 355
235 192
38 566
404 401
388 524
195 397
540 525
108 546
600 378
453 443
458 509
144 251
45 294
82 557
120 233
49 91
31 77
346 364
136 186
387 557
74 51
598 175
593 323
417 564
118 235
249 528
214 437
448 4
171 450
478 169
490 276
189 182
19 28
86 61
151 27
451 584
22 80
45 55
243 300
376 363
536 547
369 511
197 550
134 36
412 414
180 123
440 125
162 394
205 43
516 265
590 98
569 283
177 248
481 597
355 117
291 150
280 585
355 287
74 424
219 245
188 561
373 13
450 550
389 541
500 128
148 55
121 449
30 123
252 551
358 342
464 538
1 23
517 415
436 191
475 500
369 39
488 200
295 284
139 150
16 80
210 242
319 474
47 478
338 292
250 387
36 27
217 553
374 453
364 517
1 314
482 163
486 268
466 343
414 50
496 125
549 66
401 372
77 31
298 26
498 545
158 572
156 69
355 387
462 412
442 65
593 488
353 268
335 231
3 406
80 599
35 553
147 7
351 12
232 436
229 119
501 550
327 374
367 350
478 14
42 235
49 187
211 404
447 512
117 155
532 453
135 180
57 470
428 265
511 170
529 551
57 326
465 511
258 554
111 1
268 548
1 254
481 119
462 96
488 17
192 369
201 366
506 164
169 383
409 98
453 384
483 392
158 558
317 468
270 286
54 149
1 584
527 339
210 497
127 251
264 467
295 293
493 10
273 276
84 254
336 90
137 366
92 206
443 250
201 436
463 590
289 468
116 453
363 445
9 64
201 500
362 107
329 344
284 436
271 444
595 572
90 473
470 568
306 552
338 427
599 592
8 441
263 471
300 372
515 247
98 5
407 274
108 11
144 487
388 385
502 563
361 578
556 430
579 84
221 341
113 64
234 436
445 593
35 152
271 386
188 109
36 93
560 200
1 417
48 211
569 392
582 587
585 7
177 473
325 529
322 235
536 425
151 558
185 96
494 250
312 581
433 137
336 518
58 137
63 480
307 426
411 187
152 569
321 357
343 107
169 57
301 52
335 368
448 529
359 148
168 436
5 521
62 231
163 536
325 208
421 417
419 356
244 431
233 553
80 436
199 161
221 375
547 226
419 239
39 167
521 427
347 386
409 367
14 320
381 368
369 495
486 59
430 44
77 257
332 276
316 512
373 125
341 241
453 231
200 172
85 204
380 388
569 214
148 491
154 431
187 386
546 260
306 300
199 35
522 35
155 492
212 54
138 598
210 408
540 28
363 230
478 541
519 176
571 30
569 183
57 405
338 355
78 277
595 415
541 87
204 304
76 137
569 239
333 374
143 126
564 486
346 77
80 281
283 280
143 468
453 592
75 267
345 239
24 249
421 61
509 429
422 473
407 121
6 263
536 384
374 252
183 541
111 28
588 175
311 140
235 599
312 357
338 488
202 283
43 190
444 253
511 414
438 507
199 527
62 428
477 227
588 19
411 454
548 232
190 222
139 151
463 172
145 320
300 158
490 207
505 103
481 468
24 206
220 10
388 356
514 323
124 180
69 8
73 405
528 506
287 290
168 361
587 177
345 439
567 226
507 218
542 376
8 48
499 241
255 498
131 206
224 307
451 17
35 310
231 30
568 94
472 65
322 323
353 558
531 331
372 178
96 63
364 319
350 77
28 113
555 465
117 270
93 360
567 248
213 183
208 562
307 463
65 518
538 135
378 559
537 321
394 396
171 308
314 558
560 39
464 524
472 69
73 241
326 357
251 557
497 5
580 124
404 272
82 87
323 24
355 442
218 364
381 550
171 99
167 457
401 129
13 241
591 396
257 472
439 191
273 317
532 300
102 402
114 161
196 277
391 124
126 413
103 76
454 7
49 147
20 404
253 408
113 472
566 492
60 591
124 231
431 384
119 527
147 264
379 156
226 117
273 106
252 548
153 158
348 30
523 10
119 152
409 559
184 55
238 261
198 298
307 243
233 165
411 540
397 323
231 232
320 66
2 192
164 507
136 318
204 506
32 594
395 13
356 378
35 218
261 394
587 447
91 53
441 371
373 588
199 448
342 338
34 544
102 563
569 538
156 47
305 525
523 375
567 53
89 530
577 36
503 42
350 408
485 414
144 506
224 68
189 452
92 147
541 82
86 302
79 386
390 4
261 576
551 470
83 259
87 171
466 437
578 457
377 443
73 25
372 279
314 531
445 294
480 369
173 429
34 140
98 412
304 599
97 166
436 495
284 100
520 461
517 306
379 257
392 255
117 334
195 368
218 62
417 188
449 530
321 81
300 364
222 23
548 374
118 207
492 312
194 180
429 5
269 92
154 30
109 286
13 162
596 139
383 174
61 495
233 360
483 236
285 208
234 166
387 433
468 66
376 275
417 289
477 475
12 328
451 442
597 330
278 483
149 77
433 183
103 67
19 37
40 308
45 386
434 71
405 517
306 315
536 567
229 442
440 560
548 376
158 432
380 64
104 19
315 500
562 161
333 349
139 514
391 104
255 256
576 405
591 406
66 503
218 472
271 474
263 135
139 177
45 91
264 267
396 140
457 496
236 476
571 342
188 363
27 166
480 362
204 120
456 529
133 487
53 172
493 203
105 3
276 210
388 463
36 478
401 226
54 336
3 291
513 28
36 543
59 578
313 53
101 252
384 132
344 100
313 568
429 535
469 596
186 136
186 320
48 46
417 496
234 582
182 571
126 510
37 451
543 170
346 326
340 365
152 583
38 410
100 545
151 84
48 224
587 173
123 360
39 58
210 286
71 586
556 229
244 268
74 78
456 386
138 284
144 428
414 336
82 200
376 82
209 523
380 162
534 458
82 342
81 494
255 383
279 423
428 402
329 122
509 161
195 210
212 252
17 549
164 120
244 37
232 592
190 245
93 417
340 395
330 42
515 339
469 109
157 256
74 561
107 345
184 43
101 350
255 51
476 510
310 330
56 363
255 200
486 95
186 277
378 445
47 556
451 338
378 304
107 238
312 98
303 11
90 328
11 409
66 323
470 1
288 227
268 295
266 23
185 367
143 215
284 382
519 540
298 505
382 88
459 365
60 58
192 499
598 419
169 455
315 566
172 54
314 53
214 374
460 581
536 219
369 41
572 46
486 547
245 597
493 440
244 444
354 494
22 578
387 240
340 32
555 50
259 25
167 204
314 320
119 390
232 540
233 484
469 483
550 179
345 600
599 130
161 591
156 133
349 46
307 125
566 178
242 308
372 68
258 198
542 494
58 506
395 8
115 483
234 26
169 482
399 59
144 589
338 26
41 400
356 364
107 16
289 91
64 266
455 427
88 24
43 366
472 522
121 19
100 215
504 597
557 263
20 314
36 70
282 237
233 553
508 407
320 137
238 557
322 430
424 341
144 223
587 447
567 27
556 293
193 311
283 583
30 513
362 228
38 496
446 59
346 351
235 41
285 47
291 265
508 369
368 551
396 558
371 107
598 17
154 259
402 358
452 54
462 64
429 217
207 473
269 365
41 501
489 100
573 471
380 515
296 31
7 37
384 173
296 260
104 501
77 182
384 334
535 341
205 241
378 392
509 335
460 459
414 101
284 436
73 240
451 497
8 229
169 88
63 45
191 589
493 578
399 384
225 385
381 9
579 458
263 465
351 158
163 593
259 19
428 472
92 263
235 573
520 526
193 410
303 240
397 534
466 503
11 356
389 13
514 399
102 263
24 125
519 372
118 154
506 455
281 211
197 595
380 400
95 162
336 463
276 395
302 117
15 197
375 24
583 95
330 468
403 213
592 102
442 569
386 283
184 7
466 441
111 173
227 24
157 177
596 497
111 80
92 239
585 212
245 93
326 115
458 340
242 23
454 425
557 251
450 153
549 429
2 460
309 406
187 81
362 186
445 197
156 283
461 457
94 128
432 531
335 306
395 242
187 548
307 306
347 98
204 543
221 286
378 285
488 511
229 196
529 341
29 64
19 340
398 562
233 296
355 45
500 516
458 587
506 411
29 341
158 188
464 571
180 549
445 377
592 133
120 60
457 539
10 266
467 428
489 283
554 210
444 270
378 458
86 477
229 98
37 20
72 152
180 178
595 102
405 271
153 180
464 503
16 97
213 222
9 96
353 527
229 238
198 403
498 39
527 566
427 425
445 17
405 490
230 436
114 473
226 314
294 477
477 587
472 274
541 67
133 364
444 49
597 510
46 313
2 599
301 97
598 40
55 164
246 128
546 134
275 186
399 502
110 484
38 80
11 387
367 185
173 272
289 20
562 398
271 364
508 347
83 197
591 391
215 193
181 579
114 429
458 51
568 552
446 337
31 113
545 393
348 283
563 31
489 232
455 80
112 485
163 445
376 236
88 270
42 572
373 554
241 107
214 303
349 547
12 398
241 76
250 460
519 8
423 9
131 52
322 50
348 428
221 93
286 487
359 253
401 524
273 400
126 63
588 373
398 435
113 193
404 368
587 556
327 73
384 554
51 19
527 45
592 106
165 112
310 204
547 393
555 252
77 417
391 437
280 426
321 314
41 339
227 175
197 102
455 284
375 109
63 45
389 273
78 137
145 209
268 41
74 304
182 287
440 125
522 249
216 193
574 173
180 524
292 136
61 395
432 352
430 343
117 466
241 165
432 353
429 480
556 268
51 72
583 323
182 19
26 568
94 288
479 110
499 395
424 291
480 320
9 388
377 454
365 278
532 181
385 159
465 540
478 476
130 197
151 276
296 105
350 504
158 90
421 4
360 226
155 53
561 179
390 115
64 316
196 62
42 350
63 390
413 133
208 475
86 483
96 359
130 271
314 80
339 64
545 175
512 112
444 82
308 345
353 581
363 574
547 135
246 311
19 292
456 93
260 468
165 312
70 149
230 306
247 565
384 239
465 215
369 384
358 249
214 365
374 34
469 164
560 296
285 353
183 69
174 214
399 489
497 386
281 15
586 378
504 571
434 280
563 159
35 282
53 548
395 537
314 288
52 311
485 55
357 491
316 492
353 388
196 222
390 433
172 393
530 1
82 448
139 232
143 554
65 429
76 569
46 302
236 177
304 316
485 544
550 580
341 382
339 494
304 282
464 398
246 410
528 146
101 255
181 250
257 356
434 34
502 488
411 338
126 533
7 528
8 357
171 127
376 331
449 165
350 296
383 465
530 90
348 319
111 362
338 449
95 253
274 390
319 345
49 230
550 238
77 474
353 201
315 210
89 513
14 211
345 536
68 485
401 445
313 306
480 538
561 526
160 201
252 372
205 395
356 133
21 150
571 198
25 227
314 530
221 352
426 476
408 340
538 352
480 461
519 357
224 413
567 169
322 45
563 198
519 205
441 387
315 200
489 545
305 57
316 490
47 127
324 489
65 464
311 514
494 596
394 47
154 121
365 136
215 55
557 151
454 162
450 45
67 157
552 374
318 492
462 38
531 480
401 410
544 185
315 522
143 226
294 552
489 305
72 132
62 253
571 366
514 118
560 449
592 527
415 56
2 391
324 496
260 219
369 212
581 243
215 509
519 551
217 396
307 509
157 143
409 163
129 572
493 186
82 402
363 269
597 324
517 128
115 222
389 199
356 350
120 486
5 145
479 397
483 183
132 314
266 362
472 400
271 30
339 130
119 252
80 538
177 527
165 180
362 386
216 475
187 202
40 586
502 567
400 490
107 18
279 131
125 221
194 76
108 326
179 109
553 19
335 377
429 386
82 422
474 260
312 390
319 395
269 10
522 504
293 515
16 393
519 598
428 324
446 454
592 479
219 266
119 441
49 211
546 292
259 502
333 27
364 1
545 46
393 60
195 397
455 193
172 379
51 302
311 354
190 310
163 308
307 286
315 151
387 223
67 485
496 82
80 93
193 298
386 172
408 170
246 223
24 250
198 516
402 209
509 432
550 474
273 302
288 373
426 158
154 250
209 184
594 535
92 443
419 489
312 201
453 219
170 200
212 497
406 154
237 469
471 71
58 374
402 30
334 52
564 402
478 460
222 350
546 156
144 208
389 41
571 539
185 511
546 187
212 497
436 219
579 487
83 211
539 380
351 424
570 144
1 151
521 548
312 226
588 1
177 60
425 514
292 557
238 250
454 169
516 457
175 46
75 194
232 599
179 504
14 89
549 378
534 252
352 518
246 551
122 286
474 317
559 21
253 401
141 229
397 430
348 202
255 569
165 145
313 250
293 133
336 465
342 162
186 193
130 470
563 236
284 139
43 337
329 197
473 487
220 317
303 103
94 510
553 454
537 116
343 91
456 324
182 126
338 372
132 16
592 322
193 493
287 396
46 141
121 119
329 197
190 168
467 281
216 414
50 206
557 519
372 516
288 555
505 92
123 478
75 144
492 240
463 179
195 267
242 16
570 471
262 342
280 357
145 158
478 196
83 282
557 488
375 407
562 190
6 265
86 434
422 192
288 60
15 355
564 50
102 562
493 170
56 354
52 524
85 260
589 47
165 423
120 278
251 441
588 529
156 254
387 549
300 132
588 400
82 284
102 390
290 575
402 338
345 91
453 367
573 55
72 448
301 208
20 175
206 205
352 22
277 381
32 201
422 192
348 384
143 396
517 424
233 276
277 567
293 400
299 63
90 356
371 490
480 572
134 376
164 436
395 56
224 444
35 294
339 409
521 67
410 458
138 330
111 255
24 351
189 363
58 416
440 455
370 509
492 299
395 87
86 141
80 104
210 531
326 463
408 545
394 260
302 587
110 134
397 139
415 366
532 344
474 188
362 294
156 3
337 49
181 437
116 373
382 590
118 169
291 234
436 276
102 552
277 413
35 492
83 577
456 502
47 595
563 217
196 120
99 132
131 310
151 31
84 445
353 359
115 187
574 519
257 185
383 196
233 530
535 521
266 539
7 271
54 447
114 51
265 458
73 417
426 459
311 183
43 383
533 591
571 330
115 390
209 133
517 365
385 36
464 220
255 352
106 434
309 151
221 352
375 90
371 156
321 360
18 172
53 465
169 17
277 587
131 397
599 357
168 215
441 158
361 12
163 409
292 148
495 29
594 442
597 1
586 338
508 447
424 310
111 310
586 344
125 282
21 203
151 193
528 142
144 155
315 311
75 239
373 126
483 249
46 283
76 411
136 34
131 370
243 366
570 531
405 361
365 17
421 122
169 133
427 507
330 358
313 539
312 586
436 438
253 46
561 147
275 156
215 182
144 149
70 220
378 546
157 145
209 144
110 140
467 521
42 560
184 377
498 301
60 415
579 228
402 258
128 578
259 536
402 314
84 77
219 394
339 335
596 187
305 451
344 503
224 397
426 430
163 71
427 227
63 299
35 5
51 206
586 298
460 2
337 214
120 379
320 314
261 535
152 513
521 250
165 55
306 594
407 2
392 522
430 541
422 538
411 100
294 37
492 599
211 5
539 181
466 305
526 220
472 474
505 587
23 299
185 286
4 90
415 18
343 218
134 488
430 522
323 52
237 6
304 143
479 468
110 166
474 343
502 470
183 198
402 230
428 295
597 319
156 317
13 406
263 406
587 267
123 482
159 533
506 327
472 377
72 383
308 104
342 113
161 114
494 55
414 536
311 513
322 124
231 575
378 128
451 83
282 85
396 60
82 13
123 464
163 409
148 565
581 262
560 573
174 374
209 409
59 94
431 103
569 189
66 36
49 295
437 119
61 166
397 462
406 209
315 165
384 453
304 379
15 514
247 81
403 463
492 181
397 304
540 245
222 55
133 520
78 340
461 198
463 300
225 343
138 541
56 557
523 254
567 474
473 583
519 472
433 95
177 99
408 67
54 250
591 169
119 570
456 454
570 223
389 44
260 153
544 224
199 95
390 568
550 568
88 211
352 575
503 163
317 39
368 193
352 394
186 44
317 600
397 198
75 509
378 83
167 449
206 103
446 365
215 152
596 416
473 291
136 531
344 251
578 499
65 137
341 589
205 117
195 241
466 50
235 411
492 138
478 402
390 206
498 137
114 88
165 481
151 496
64 74
152 505
449 60
406 504
115 112
386 553
313 182
588 319
558 503
37 483
332 587
586 245
192 98
310 341
520 532
398 139
536 6
216 114
93 545
377 526
190 385
327 88
307 209
504 260
418 562
439 122
491 177
22 489
5 422
343 378
222 587
169 547
180 473
275 550
497 268
345 43
299 458
255 256
23 74
468 385
478 279
286 34
401 264
232 588
395 242
146 512
197 577
371 366
402 182
538 452
355 28
580 509
316 330
124 474
75 72
333 505
328 29
159 509
15 105
446 35
121 495
80 538
310 288
372 381
286 256
279 378
224 407
40 578
305 336
354 19
43 185
84 377
544 366
155 71
57 435
60 5
316 59
310 127
66 100
387 42
293 166
197 521
165 298
309 452
361 526
36 443
413 276
445 152
216 278
75 174
448 47
567 177
486 117
493 3
182 57
375 199
489 236
116 276
239 17
205 168
150 550
509 333
36 509
48 317
289 65
504 335
150 63
537 253
289 355
595 163
301 468
301 224
530 317
554 594
550 240
282 332
549 193
524 183
71 14
445 302
368 183
181 46
575 164
434 453
175 35
346 157
50 389
93 240
152 321
483 50
426 574
231 288
482 85
175 17
350 586
527 457
570 320
372 414
161 108
100 492
432 355
109 232
135 87
461 536
29 521
245 205
117 233
84 44
302 131
499 487
562 182
595 382
552 328
434 244
362 258
364 521
172 466
265 358
530 319
298 481
181 50
339 93
584 190
500 550
593 141
150 566
481 332
584 290
417 137
292 209
451 184
282 44
310 25
134 156
147 190
120 203
442 419
474 93
23 45
514 12
55 532
376 370
285 232
451 453
93 458
84 26
210 491
393 89
335 33
267 306
483 338
109 62
100 66
434 514
198 7
323 432
376 241
68 502
261 142
210 518
15 194
560 375
25 150
440 400
10 577
239 452
123 207
503 302
168 93
534 430
218 363
302 146
272 281
437 399
56 210
311 308
23 455
257 153
449 25
191 146
387 149
90 128
441 231
399 592
127 74
97 597
572 377
5 286
66 15
529 455
489 294
564 303
520 454
231 543
430 546
20 486
83 441
410 94
252 512
411 45
235 118
38 98
147 524
530 424
377 594
326 107
114 448
530 546
544 225
134 244
363 506
339 2
272 393
502 338
82 389
129 585
369 65
147 237
557 404
342 34
417 577
475 436
12 392
336 167
84 21
319 244
550 230
40 157
206 433
167 299
71 377
171 375
300 39
162 22
150 544
47 374
496 144
573 560
413 263
150 426
37 449
587 48
133 251
5 29
68 542
477 576
220 563
277 55
526 410
72 598
548 478
243 115
456 559
369 376
196 443
332 557
126 565
21 148
374 585
326 79
483 324
381 79
131 441
189 244
94 157
354 299
454 370
103 255
288 162
225 250
530 391
323 60
501 589
369 202
224 283
55 50
592 102
81 554
274 492
229 52
589 164
78 12
143 45
591 219
307 93
306 479
170 178
388 128
505 9
519 106
526 522
314 430
149 404
345 125
212 308
476 258
420 67
412 249
294 217
261 290
340 377
512 593
217 446
486 473
294 274
119 107
287 162
15 109
226 207
40 63
155 406
416 415
297 510
295 269
281 303
457 568
501 80
72 50
174 534
525 232
19 553
396 13
438 329
57 210
54 495
210 64
88 243
193 254
401 151
587 213
352 147
507 395
246 203
172 368
115 151
161 524
281 343
545 555
111 372
399 452
429 45
476 188
512 326
291 548
340 520
428 557
458 484
167 208
337 492
205 355
250 216
598 259
367 233
156 478
468 576
480 167
491 574
367 243
327 526
159 5
544 47
560 439
345 236
474 104
350 285
396 59
20 194
460 245
399 394
78 594
497 206
70 352
576 249
373 545
130 292
23 581
483 165
158 523
217 450
568 76
465 598
141 414
572 32
211 424
275 114
492 156
577 127
118 270
135 538
548 133
453 64
489 534
558 289
411 73
429 39
453 21
505 261
407 505
338 124
469 92
226 148
594 289
51 47
116 161
342 381
350 224
295 368
527 385
507 259
167 489
529 541
319 10
453 139
593 248
111 229
54 369
278 293
147 503
133 595
136 371
283 583
130 141
214 174
294 382
189 347
456 339
184 290
465 431
174 102
419 582
373 541
88 9
274 407
323 155
270 482
563 275
33 278
42 362
371 594
179 108
68 102
350 65
55 280
62 418
408 477
341 81
127 247
435 184
424 46
421 328
83 381
117 312
325 157
82 301
303 523
357 471
153 67
348 486
396 27
419 540
363 139
296 74
336 360
284 215
442 378
142 311
128 397
562 112
142 173
18 565
110 246
78 97
174 95
588 145
426 335
96 336
297 91
185 459
577 452
83 565
469 468
288 247
106 375
589 402
431 151
112 132
537 96
121 221
309 181
357 240
511 444
425 194
355 469
380 576
553 22
476 560
96 335
420 578
417 331
163 436
294 82
240 393
401 233
504 593
383 206
433 374
159 466
340 76
63 32
527 83
542 108
491 246
121 7
232 302
553 366
324 249
153 308
12 287
579 553
78 15
59 548
366 159
55 148
147 160
402 280
107 566
500 542
591 325
426 421
529 222
572 533
183 196
476 319
207 394
542 555
531 492
104 599
171 590
441 202
184 464
192 586
196 402
439 345
265 30
394 317
356 262
578 538
254 300
501 143
119 193
50 81
32 544
266 522
384 436
395 166
212 87
583 32
568 505
274 426
278 37
306 325
227 104
473 291
467 93
3 147
251 248
356 533
475 561
118 357
419 27
451 516
526 198
148 425
198 428
41 420
183 398
536 486
16 435
534 172
298 125
361 276
245 156
15 510
41 396
223 310
82 521
186 261
545 442
568 251
63 431
563 446
104 386
39 195
63 150
432 248
463 129
25 568
30 596
219 531
438 89
97 47
380 461
544 415
262 585
332 596
377 21
331 97
136 108
534 457
461 112
418 402
472 113
95 567
486 22
31 239
213 22
13 428
2 278
257 267
69 507
423 437
361 251
76 380
491 438
406 251
580 124
371 593
487 45
583 441
59 397
104 585
100 218
236 358
532 138
25 19
223 217
539 94
452 206
561 453
431 364
94 31
573 587
165 193
111 308
216 30
280 139
267 376
518 521
16 472
266 332
115 208
432 36
367 326
472 428
202 531
81 591
224 247
472 310
513 45
483 62
485 513
450 3
96 470
538 420
469 291
556 238
439 228
474 383
32 526
598 270
482 4
30 385
318 30
350 513
387 11
15 294
123 38
552 206
304 496
243 407
90 566
116 549
26 395
6 41
306 294
342 192
313 521
80 370
60 119
165 430
533 189
366 487
69 391
5 20
107 196
173 462
521 523
338 584
150 329
350 121
451 230
190 130
580 402
243 422
302 288
43 436
302 261
150 403
302 39
470 392
600 202
263 599
84 241
147 108
397 504
46 245
407 13
117 472
22 69
153 52
483 143
313 490
126 194
367 307
333 513
81 477
474 71
234 90
145 426
263 164
334 146
345 592
559 580
92 128
294 18
102 500
75 595
134 88
60 165
557 297
140 551
121 413
77 114
415 455
307 485
331 7
420 205
201 295
167 463
519 98
300 447
370 499
355 299
467 525
31 454
327 340
109 330
431 599
553 41
11 248
273 247
239 523
256 54
466 121
35 514
219 198
268 304
319 588
328 386
539 130
84 58
196 541
440 586
11 331
484 571
122 170
404 483
285 68
595 336
138 189
427 70
298 261
348 80
572 50
105 129
451 550
473 147
269 287
7 584
3 534
495 439
399 534
183 191
229 497
9 445
109 146
44 545
557 224
350 156
541 317
553 592
15 249
164 527
202 430
183 554
417 309
262 76
150 315
284 279
48 172
175 536
380 57
297 67
306 378
204 333
113 283
556 496
456 474
247 266
559 592
379 116
463 213
233 35
381 69
101 223
21 186
307 420
178 20
277 107
415 126
359 123
366 145
149 436
443 130
274 206
64 302
112 444
72 206
259 198
550 325
396 273
2 400
93 171
330 24
214 141
489 372
8 68
168 503
315 247
341 11
398 62
385 244
218 396
31 463
66 539
437 109
210 278
469 80
469 483
114 106
184 137
30 392
509 80
493 29
528 275
282 562
488 323
210 340
492 163
230 342
383 378
252 192
411 44
389 223
272 38
229 541
162 491
305 210
375 310
82 101
87 368
211 51
469 302
342 180
227 411
580 489
298 422
522 277
45 254
62 419
490 526
274 297
116 369
399 210
52 261
400 532
582 577
11 131
153 280
337 67
356 81
260 68
505 349
476 492
500 12
18 28
504 190
32 429
264 147
323 72
151 50
266 443
340 174
408 194
335 412
429 370
238 359
460 317
91 256
439 440
365 452
262 574
28 158
481 10
179 289
494 266
285 261
439 331
478 22
57 233
175 492
218 373
302 95
363 230
78 481
134 181
109 2
112 1
139 344
42 120
437 569
89 525
489 287
7 512
202 55
407 498
421 36
224 352
551 310
396 126
179 42
365 270
160 370
165 506
327 361
496 78
582 424
517 78
155 578
238 201
563 478
464 198
554 298
454 86
67 395
394 506
463 203
104 179
490 29
12 277
426 87
8 378
162 529
472 517
164 550
546 160
317 313
533 162
373 553
33 284
485 102
268 171
546 390
118 339
494 3
365 151
574 371
280 90
55 288
248 253
472 171
108 326
486 220
95 339
8 284
107 189
196 338
104 487
483 403
188 205
342 269
480 586
360 486
421 68
282 157
14 516
403 426
243 116
600 569
84 520
110 572
233 127
445 269
528 516
368 62
127 384
104 293
511 145
286 31
314 406
106 95
512 430
474 587
436 546
246 468
292 74
380 157
431 517
258 486
341 565
388 551
60 353
54 523
277 403
469 81
75 555
221 37
127 429
301 362
420 46
463 58
208 317
451 491
171 97
244 357
272 494
375 167
454 428
209 172
143 14
435 212
566 80
130 273
557 270
124 182
491 599
394 213
371 157
110 554
438 183
270 419
337 401
381 122
469 396
51 440
338 569
209 265
482 2
458 473
476 600
104 370
255 178
103 132
338 440
504 389
414 497
410 347
581 554
348 549
327 315
353 454
64 401
261 41
518 463
479 157
202 347
32 72
470 538
253 376
228 32
22 523
273 314
598 459
275 52
587 457
248 268
509 135
113 389
212 584
110 250
86 48
192 408
547 457
298 554
47 580
311 1
493 471
532 218
184 30
109 581
253 261
106 445
129 179
501 74
299 137
530 237
380 126
502 398
183 21
347 443
383 293
243 556
442 308
369 238
241 499
225 106
95 561
517 224
377 99
350 96
168 533
325 273
93 114
124 122
505 247
434 339
458 230
396 518
503 196
441 507
346 157
370 239
340 247
542 231
140 366
488 286
521 308
3 236
369 64
67 101
543 371
24 83
142 46
255 539
258 22
145 596
530 73
12 402
598 302
216 67
268 3
465 27
361 40
143 35
349 99
467 77
524 12
593 132
84 364
129 581
366 492
311 276
217 364
115 361
354 477
46 154
552 372
593 79
549 125
20 424
377 286
211 40
452 524
574 191
46 158
359 97
525 125
430 16
358 465
588 313
44 460
114 284
139 143
304 112
328 284
588 498
348 43
555 425
229 417
121 148
302 259
331 311
366 516
558 384
44 105
586 301
494 381
129 481
523 500
267 187
165 548
550 529
317 189
69 259
451 574
558 597
579 590
502 458
113 517
20 288
530 166
492 165
40 523
118 167
147 398
106 356
40 319
360 242
164 399
505 355
572 417
222 510
431 559
157 347
435 445
579 219
485 19
184 167
592 180
70 595
477 333
226 102
363 562
579 214
510 549
233 276
367 433
576 456
289 430
431 302
212 297
466 320
258 225
382 359
510 148
471 130
299 577
591 468
41 471
310 169
290 509
347 50
248 419
82 96
524 178
475 536
262 446
379 86
350 392
503 259
164 304
136 541
178 145
385 529
60 163
501 30
598 585
402 322
96 43
400 59
308 392
593 539
465 385
267 527
60 288
178 193
505 229
381 336
226 177
515 105
154 161
144 214
504 197
173 256
257 16
262 407
513 499
197 580
523 163
155 539
205 435
383 231
360 298
236 445
266 151
417 90
150 145
467 499
298 430
369 295
541 34
204 530
194 348
357 576
318 422
174 564
180 508
209 381
495 13
595 261
436 568
253 273
239 441
297 234
162 556
20 280
511 459
593 571
348 440
302 580
148 50
67 372
44 373
571 277
94 538
241 584
8 75
208 50
454 552
77 567
527 583
352 593
59 369
599 562
576 461
142 152
442 28
304 371
269 373
14 189
245 241
373 288
296 307
586 353
153 526
447 399
304 440
87 466
522 273
352 145
393 179
373 482
141 228
510 247
524 567
301 149
25 488
466 228
185 104
455 344
154 153
233 530
101 229
393 214
336 168
206 505
17 231
264 355
66 23
566 425
129 319
598 1
487 585
293 360
586 557
329 12
9 127
504 572
345 426
270 409
383 6
42 17
428 224
435 509
10 127
342 414
363 139
45 87
195 124
457 159
43 126
592 519
547 398
105 14
579 69
454 1
326 170
455 412
380 467
301 358
156 237
6 427
419 131
63 277
239 594
51 527
580 370
89 187
192 143
233 556
281 227
94 432
282 361
18 176
112 12
285 379
92 565
578 582
511 498
107 94
336 288
361 447
202 463
307 374
203 530
204 1
47 320
256 404
77 278
304 557
303 565
36 421
101 6
36 29
590 56
496 292
385 350
319 501
410 75
312 419
141 123
437 577
551 150
593 597
128 114
65 252
243 70
510 263
209 402
547 234
250 353
454 14
247 502
61 190
173 453
118 82
201 451
74 154
492 8
324 523
584 197
178 435
135 128
315 477
369 316
303 185
73 417
88 523
253 259
45 148
330 203
41 593
303 564
393 418
114 81
477 582
489 268
204 173
529 277
390 596
369 451
445 235
284 541
350 239
526 7
587 490
58 300
268 111
4 45
243 257
399 52
500 455
465 103
594 5
313 317
444 579
430 491
339 59
329 440
14 282
172 237
86 512
582 207
194 100
443 66
519 246
146 341
464 490
145 51
344 148
141 369
186 276
222 350
398 550
207 454
413 410
580 521
195 34
346 569
215 574
178 490
25 429
525 479
517 473
227 62
580 273
446 437
130 185
256 419
521 475
382 127
434 522
19 374
548 260
166 64
259 5
142 527
355 531
356 364
403 447
92 187
268 234
363 183
103 145
423 287
204 422
519 337
559 342
546 45
503 464
325 293
128 599
71 324
386 218
200 259
524 168
489 179
423 563
79 517
121 425
89 363
135 145
213 242
301 8
372 210
20 82
389 411
477 426
495 391
274 341
524 470
315 142
419 512
102 551
570 285
265 19
185 485
294 452
299 423
70 59
512 407
503 458
297 20
533 595
150 392
77 180
505 414
436 266
416 226
466 96
347 226
574 149
106 5
489 152
124 388
529 333
490 500
360 82
117 226
3 505
420 346
374 587
574 5
69 15
434 188
409 380
596 261
294 163
10 62
531 335
264 422
339 576
295 140
392 480
65 77
379 128
75 311
256 245
279 232
445 403
355 421
316 587
508 416
209 144
85 138
207 217
563 159
450 213
493 210
241 329
248 221
299 143
483 166
188 536
549 510
99 13
444 11
341 230
38 523
233 544
564 434
571 271
407 100
126 575
62 364
287 483
588 496
341 418
468 51
277 30
274 172
197 496
254 309
559 266
33 201
360 123
104 593
392 290
307 384
17 371
412 308
524 182
261 212
454 274
247 443
222 301
218 352
70 375
216 560
21 318
100 166
410 347
352 118
371 557
480 222
424 416
372 569
22 20
96 453
276 573
283 318
111 117
126 1
337 9
286 457
374 357
265 234
54 453
136 220
282 561
590 494
313 166
494 247
503 476
181 242
216 259
326 461
416 470
194 126
340 463
584 182
339 75
137 451
289 458
356 202
148 63
315 417
424 425
160 211
74 220
497 233
52 528
515 4
508 228
392 340
550 581
347 139
283 579
334 48
360 342
1 366
169 255
366 500
450 62
301 110
301 144
517 313
180 448
262 344
527 85
425 51
597 59
186 66
420 540
216 476
304 350
255 237
531 3
36 193
535 99
576 339
217 553
94 201
463 315
494 470
366 215
65 255
273 560
178 557
289 138
233 2
141 351
343 207
237 586
153 9
15 65
178 221
96 130
49 553
237 133
155 467
237 70
96 28
552 239
284 562
166 361
78 226
337 333
246 16
172 52
270 446
464 452
250 108
437 370
7 165
103 288
321 223
252 62
426 240
24 222
469 256
581 177
465 365
274 77
121 24
338 78
12 440
233 335
91 485
548 258
302 455
442 204
216 495
353 162
72 589
490 458
45 406
589 213
393 281
528 510
477 401
382 179
167 156
475 253
211 97
465 311
179 379
204 484
563 331
544 348
300 57
377 582
99 402
493 358
588 166
510 457
27 182
220 580
447 295
239 283
424 512
316 81
85 161
195 11
185 108
568 37
287 215
94 423
199 524
20 559
505 335
165 225
450 595
23 301
216 430
22 115
388 392
4 116
41 395
172 502
329 416
571 444
585 114
308 240
509 416
59 269
308 538
399 348
535 423
263 427
495 425
512 413
496 164
113 534
454 192
71 576
593 372
513 524
536 253
379 218
520 63
349 531
117 504
254 44
164 545
198 154
467 554
57 451
4 75
318 416
255 375
29 111
393 241
484 364
293 435
341 477
174 167
175 333
7 285
270 259
559 394
58 544
81 186
529 214
396 63
573 136
324 214
582 346
502 24
118 30
252 241
566 339
415 407
289 457
314 100
414 451
324 450
359 224
245 505
103 403
157 164
226 48
504 464
306 207
196 465
154 226
582 462
194 176
484 371
86 582
475 210
383 84
485 276
359 592
591 581
367 467
552 165
18 318
154 461
90 468
112 400
21 563
48 524
214 375
375 225
372 256
413 278
534 194
136 524
481 111
199 584
316 18
406 499
431 69
32 561
377 430
333 271
145 7
191 388
277 143
322 591
583 289
304 518
16 295
41 290
80 326
298 585
135 167
568 54
563 329
500 389
316 372
118 111
503 66
312 93
104 517
481 309
131 460
189 170
176 532
232 295
201 217
441 297
218 216
298 41
9 376
390 280
117 539
553 240
414 65
332 278
264 419
360 538
459 265
554 440
90 22
27 389
444 595
155 13
60 477
247 269
571 409
204 222
584 418
495 572
524 258
198 557
176 323
110 205
243 544
553 34
296 465
323 452
84 78
529 332
321 305
546 579
305 290
279 309
301 337
154 6
366 272
283 591
524 477
351 451
66 489
438 63
161 210
114 547
127 11
538 178
221 313
116 272
352 473
178 167
75 131
193 412
110 228
532 47
117 207
22 103
131 542
272 199
103 301
433 496
266 439
324 143
525 402
43 33
385 10
48 120
306 411
448 92
231 334
20 40
440 229
329 546
65 593
22 241
84 505
399 116
484 498
149 335
560 304
74 551
161 454
142 554
572 332
241 137
430 452
396 18
506 254
240 132
123 48
61 208
118 382
164 28
467 36
255 436
338 77
64 67
562 169
182 452
170 477
462 239
52 153
16 91
526 598
122 91
146 2
447 180
272 212
142 591
594 395
336 214
42 137
508 107
578 442
455 17
57 149
89 290
489 595
29 452
321 364
296 457
290 245
10 184
364 565
546 590
327 356
192 57
234 245
7 580
299 389
54 529
149 337
150 531
291 100
90 208
108 568
89 488
511 1
218 470
526 571
155 473
297 301
584 218
429 109
418 182
